 175 175 175 175 173 172 171 171 170 166 166 165 164 161 160 156
 177 176 177 175 174 173 173 147 143 169 167 167 165 164 162 158
 177 177 178 176 175 173 173 114 114 170 167 168 166 163 160 158
 176 177 177 176 175 174 172 110 114 170 169 168 165 164 162 158
 178 177 177 176 174 174 173 109 112 169 169 169 166 164 163 158
 178 178 177 175 175 174 172 105 107 172 170 170 167 164 162 159
 177 176 176 175 175 173 125  84  87 124 170 172 167 165 163 158
 177 177 176 176 174 129  84  84  83  82 130 171 168 165 163 159
 177 177 176 173 137  86  83  86  86  79  81 132 167 165 163 159
 177 176 175 140  90 106 153 104 109 151  99  80 134 164 163 159
 177 175 152  99 141 173 171 109 121 171 170 132  84 141 163 159
 176 175 157 169 173 173 171 125 135 171 171 169 158 147 163 160
 175 175 177 175 173 172 171 129 140 170 170 170 166 165 163 159
 176 175 174 174 173 171 137  99  97 139 170 168 166 165 163 159
 175 174 174 173 173 171 148 169 169 148 169 168 166 165 163 159
 173 172 171 171 172 170 169 169 170 169 166 166 166 164 162 159
 172 171 172 170 168 166 165 165 164 161 160 159 159 156 153 151
 173 172 173 172 170 168 165 138 131 163 162 160 160 158 155 152
 173 173 173 172 170 168 167 100  96 163 162 161 160 158 154 152
 174 173 173 172 170 169 167  95  94 164 162 162 160 158 155 153
 175 174 173 172 170 170 168  93  94 165 163 162 160 158 156 153
 175 174 173 172 171 169 168  89  87 165 164 163 161 158 157 154
 175 174 173 172 171 169 113  65  64 108 165 163 161 160 158 154
 175 173 173 172 170 118  64  63  61  60 115 163 161 160 158 155
 174 174 173 171 129  65  64  65  65  59  60 118 161 159 158 154
 174 174 171 132  70  88 142  88  91 142  82  59 123 160 158 155
 175 173 144  80 128 168 167  94 103 166 164 121  65 130 159 155
 175 173 148 164 171 169 167 114 121 166 165 164 153 136 158 156
 174 173 174 172 171 169 167 117 128 165 165 164 161 160 159 156
 174 174 173 172 171 168 130  80  79 129 164 162 161 160 159 156
 174 173 172 171 170 168 139 163 163 137 163 162 160 160 159 155
 172 171 170 169 169 166 165 163 165 164 162 160 160 159 157 154
 166 166 167 169 166 165 165 164 164 162 161 160 159 156 154 151
 167 167 169 170 167 165 165 136 126 162 162 161 160 158 155 153
 166 167 169 169 167 166 164  95  86 163 162 162 160 157 155 153
 167 167 168 168 166 165 165  88  83 163 162 162 161 157 155 153
 167 167 168 167 167 166 164  85  82 162 162 161 160 156 155 153
 167 168 168 167 167 166 163  81  74 162 161 161 159 157 155 152
 167 168 167 166 167 165 108  51  51  98 161 161 159 156 155 154
 168 167 168 167 166 112  52  49  48  48 105 160 158 157 155 152
 168 168 168 166 122  52  51  53  53  46  46 109 158 157 155 152
 168 168 167 123  56  75 135  80  79 137  72  44 114 156 155 153
 168 167 136  67 119 163 164  85  91 163 162 114  53 122 155 154
 168 167 139 157 165 165 164 108 111 163 162 159 150 130 155 154
 167 167 168 167 166 165 163 112 119 162 162 160 159 158 154 153
 167 167 167 167 166 164 125  68  68 123 162 160 158 158 155 152
 167 167 166 166 165 164 132 160 158 130 161 160 157 157 156 154
 166 166 165 164 164 164 162 161 163 161 160 159 156 156 155 154

 156 158 158 158 158 159 158 159 159 159 159 160 159 159 159 159
 160 162 160 162 163 162 163 163 163 163 163 163 163 163 163 162
 161 164 163 164 164 164 165 165 165 164 141 147 165 165 165 164
 164 165 166 165 166 167 167 168 167 134  84 158 166 166 166 166
 165 167 168 168 169 170 172 171 132  80 132 169 170 168 168 166
 166 167 167 169 169 170 170 130  81  99 170 171 170 170 169 166
 166 169 170 170 169 172 124  82  79 151 171 171 170 139 148 169
 170 143 114 114 112 107  87  83  86 109 121 135 140  97 169 170
 171 147 114 110 109 105  84  84  86 104 109 125 129  99 169 169
 171 173 173 172 173 172 125  84  83 153 171 171 171 137 148 169
 172 173 173 174 174 174 173 129  86 106 173 173 172 171 171 170
 173 174 175 175 174 175 175 174 137  90 141 173 173 173 173 172
 175 175 176 176 176 175 175 176 173 140  99 169 175 174 173 171
 175 177 178 177 177 177 176 176 176 175 152 157 177 174 174 171
 175 176 177 177 177 178 176 177 177 176 175 175 175 175 174 172
 175 177 177 176 178 178 177 177 177 177 177 176 175 176 175 173
 151 152 152 153 153 154 154 155 154 155 155 156 156 156 155 154
 153 155 154 155 156 157 158 158 158 158 159 158 159 159 159 157
 156 158 158 158 158 158 160 160 159 160 130 136 160 160 160 159
 159 160 160 160 160 161 161 161 161 123  65 153 161 161 160 160
 159 160 161 162 162 163 163 163 118  59 121 164 164 162 162 160
 160 162 162 162 163 164 165 115  60  82 164 165 165 164 163 162
 161 163 163 164 165 165 108  60  59 142 166 166 165 129 137 164
 164 131  96  94  94  87  64  61  65  91 103 121 128  79 163 165
 165 138 100  95  93  89  65  63  65  88  94 114 117  80 163 163
 165 165 167 167 168 168 113  64  64 142 167 167 167 130 139 165
 166 168 168 169 170 169 169 118  65  88 168 169 169 168 168 166
 168 170 170 170 170 171 171 170 129  70 128 171 171 171 170 169
 170 172 172 172 172 172 172 172 171 132  80 164 172 172 171 169
 172 173 173 173 173 173 173 173 173 171 144 148 174 173 172 170
 171 172 173 173 174 174 174 173 174 174 173 173 173 174 173 171
 172 173 173 174 175 175 175 175 174 174 175 175 174 174 174 172
 151 153 153 153 153 152 154 152 152 153 154 154 153 152 154 154
 154 155 155 155 155 155 155 155 155 155 155 155 154 155 156 155
 156 158 157 157 156 157 156 157 157 156 122 130 158 158 157 156
 159 160 160 161 160 159 159 158 158 114  53 150 159 158 157 156
 160 161 162 162 161 161 161 160 109  44 114 159 160 160 160 159
 161 162 162 162 162 161 161 105  46  72 162 162 162 162 161 160
 162 162 163 163 162 162  98  48  46 137 163 163 162 123 130 161
 164 126  86  83  82  74  51  48  53  79  91 111 119  68 158 163
 164 136  95  88  85  81  51  49  53  80  85 108 112  68 160 161
 165 165 164 165 164 163 108  52  51 135 164 164 163 125 132 162
 165 165 166 165 166 166 165 112  52  75 163 165 165 164 164 164
 166 167 167 166 167 167 167 166 122  56 119 165 166 166 165 164
 169 170 169 168 167 167 166 167 166 123  67 157 167 167 166 164
 167 169 169 168 168 168 167 168 168 167 136 139 168 167 166 165
 166 167 167 167 167 168 168 167 168 168 167 167 167 167 167 166
 166 167 166 167 167 167 167 168 168 168 168 168 167 167 167 166

 159 162 164 166 166 166 169 170 169 169 170 172 171 171 172 173
 159 163 165 166 168 169 148 169 169 148 171 173 173 174 174 175
 159 163 165 166 168 170 139  97  99 137 171 173 174 174 175 176
 159 163 165 166 170 170 170 140 129 171 172 173 175 177 175 175
 160 163 147 158 169 171 171 135 125 171 173 173 169 157 175 176
 159 163 141  84 132 170 171 121 109 171 173 141  99 152 175 177
 159 163 164 134  80  99 151 109 104 153 106  90 140 175 176 177
 159 163 165 167 132  81  79  86  86  83  86 137 173 176 177 177
 159 163 165 168 171 130  82  83  84  84 129 174 176 176 177 177
 158 163 165 167 172 170 124  87  84 125 173 175 175 176 176 177
 159 162 164 167 170 170 172 107 105 172 174 175 175 177 178 178
 158 163 164 166 169 169 169 112 109 173 174 174 176 177 177 178
 158 162 164 165 168 169 170 114 110 172 174 175 176 177 177 176
 158 160 163 166 168 167 170 114 114 173 173 175 176 178 177 177
 158 162 164 165 167 167 169 143 147 173 173 174 175 177 176 177
 156 160 161 164 165 166 166 170 171 171 172 173 175 175 175 175
 154 157 159 160 160 162 164 165 163 165 166 169 169 170 171 172
 155 159 160 160 162 163 137 163 163 139 168 170 171 172 173 174
 156 159 160 161 162 164 129  79  80 130 168 171 172 173 174 174
 156 159 160 161 164 165 165 128 117 167 169 171 172 174 173 174
 156 158 136 153 164 165 166 121 114 167 169 171 164 148 173 175
 155 159 130  65 121 164 166 103  94 167 168 128  80 144 173 175
 155 158 160 123  59  82 142  91  88 142  88  70 132 171 174 174
 154 158 159 161 118  60  59  65  65  64  65 129 171 173 174 174
 155 158 160 161 163 115  60  61  63  64 118 170 172 173 173 175
 154 158 160 161 163 165 108  64  65 113 169 171 172 173 174 175
 154 157 158 161 163 164 165  87  89 168 169 171 172 173 174 175
 153 156 158 160 162 163 165  94  93 168 170 170 172 173 174 175
 153 155 158 160 162 162 164  94  95 167 169 170 172 173 173 174
 152 154 158 160 161 162 163  96 100 167 168 170 172 173 173 173
 152 155 158 160 160 162 163 131 138 165 168 170 172 173 172 173
 151 153 156 159 159 160 161 164 165 165 166 168 170 172 171 172
 154 155 156 156 159 160 161 163 161 162 164 164 164 165 166 166
 154 156 157 157 160 161 130 158 160 132 164 165 166 166 167 167
 152 155 158 158 160 162 123  68  68 125 164 166 167 167 167 167
 153 154 158 159 160 162 162 119 112 163 165 166 167 168 167 167
 154 155 130 150 159 162 163 111 108 164 165 165 157 139 167 168
 154 155 122  53 114 162 163  91  85 164 163 119  67 136 167 168
 153 155 156 114  44  72 137  79  80 135  75  56 123 167 168 168
 152 155 157 158 109  46  46  53  53  51  52 122 166 168 168 168
 152 155 157 158 160 105  48  48  49  52 112 166 167 168 167 168
 154 155 156 159 161 161  98  51  51 108 165 167 166 167 168 167
 152 155 157 159 161 161 162  74  81 163 166 167 167 168 168 167
 153 155 156 160 161 162 162  82  85 164 166 167 167 168 167 167
 153 155 157 161 162 162 163  83  88 165 165 166 168 168 167 167
 153 155 157 160 162 162 163  86  95 164 166 167 169 169 167 166
 153 155 158 160 161 162 162 126 136 165 165 167 170 169 167 167
 151 154 156 159 160 161 162 164 164 165 165 166 169 167 166 166

 173 175 176 175 176 177 177 177 177 177 178 178 176 177 177 175
 172 174 175 175 175 175 176 177 177 176 178 177 177 177 176 175
 171 174 174 177 157 152 175 176 176 176 177 177 177 178 177 175
 171 173 174 175 169  99 140 173 176 175 175 176 176 176 175 175
 172 173 173 173 173 141  90 137 174 175 175 174 175 175 174 173
 170 171 171 172 173 173 106  86 129 173 174 174 174 173 173 172
 169 148 137 171 171 171 153  83  84 125 172 173 172 173 173 171
 169 169  99 129 125 109 104  86  84  84 105 109 110 114 147 171
 170 169  97 140 135 121 109  86  83  87 107 112 114 114 143 170
 169 148 139 170 171 171 151  79  82 124 172 169 170 170 169 166
 166 169 170 170 171 170  99  81 130 170 170 169 169 167 167 166
 166 168 168 170 169 132  80 132 171 172 170 169 168 168 167 165
 166 166 166 166 158  84 134 167 168 167 167 166 165 166 165 164
 164 165 165 165 147 141 164 165 165 165 164 164 164 163 164 161
 162 163 163 163 163 163 163 163 163 163 162 163 162 160 162 160
 159 159 159 159 160 159 159 159 159 158 159 158 158 158 158 156
 172 174 174 174 175 175 174 174 175 175 175 175 174 173 173 172
 171 173 174 173 173 173 174 174 173 174 174 174 173 173 172 171
 170 172 173 174 148 144 171 173 173 173 173 173 173 173 173 172
 169 171 172 172 164  80 132 171 172 172 172 172 172 172 172 170
 169 170 171 171 171 128  70 129 170 171 171 170 170 170 170 168
 166 168 168 169 169 168  88  65 118 169 169 170 169 168 168 166
 165 139 130 167 167 167 142  64  64 113 168 168 167 167 165 165
 163 163  80 117 114  94  88  65  63  65  89  93  95 100 138 165
 165 163  79 128 121 103  91  65  61  64  87  94  94  96 131 164
 164 137 129 165 166 166 142  59  60 108 165 165 164 163 163 161
 162 163 164 165 165 164  82  60 115 165 164 163 162 162 162 160
 160 162 162 164 164 121  59 118 163 163 163 162 162 161 160 159
 160 160 161 161 153  65 123 161 161 161 161 160 160 160 160 159
 159 160 160 160 136 130 160 159 160 160 158 158 158 158 158 156
 157 159 159 159 158 159 158 158 158 158 157 156 155 154 155 153
 154 155 156 156 156 155 155 154 155 154 154 153 153 152 152 151
 166 167 167 167 168 168 168 168 168 167 167 167 167 166 167 166
 166 167 167 167 167 167 168 168 167 168 168 167 167 167 167 166
 165 166 167 168 139 136 167 168 168 167 168 168 168 169 169 167
 164 166 167 167 157  67 123 166 167 166 167 167 168 169 170 169
 164 165 166 166 165 119  56 122 166 167 167 167 166 167 167 166
 164 164 164 165 165 163  75  52 112 165 166 166 165 166 165 165
 162 132 125 163 164 164 135  51  52 108 163 164 165 164 165 165
 161 160  68 112 108  85  80  53  49  51  81  85  88  95 136 164
 163 158  68 119 111  91  79  53  48  51  74  82  83  86 126 164
 161 130 123 162 163 163 137  46  48  98 162 162 163 163 162 162
 160 161 162 162 162 162  72  46 105 161 161 162 162 162 162 161
 159 160 160 160 159 114  44 109 160 161 161 161 162 162 161 160
 156 157 158 159 150  53 114 158 158 159 159 160 161 160 160 159
 156 157 158 158 130 122 156 157 157 156 157 156 157 157 158 156
 155 156 155 154 155 155 155 155 155 155 155 155 155 155 155 154
 154 154 152 153 154 154 153 152 152 154 152 153 153 153 153 151

