 210 209 210 211 209 211 209 206 207 210 211 211 211 209 208 204
 209 210 210 212 208 208 209 209 208 209 210 210 209 208 208 204
 208 208 210 211 210 208 207 199 192 209 210 210 209 207 210 203
 209 209 209 210 209 205 203 156 145 206 208 209 209 208 208 203
 210 211 209 207 209 203 144 130 133 133 202 209 209 208 206 202
 209 210 208 208 209 193 109 114 117 116 174 209 209 207 203 201
 208 207 206 209 208 163 149 150 152 150 158 206 208 207 205 201
 206 207 206 209 206 124 112 112 113 113 117 205 208 207 205 202
 208 205 207 209 205 118 112 112 113 113 114 202 208 207 204 201
 206 206 206 207 205 118 113 111 113 114 116 202 206 206 205 201
 209 207 207 205 203 123 113 111 114 116 117 204 206 205 203 200
 205 208 206 206 203 144 128 131 134 134 142 207 206 205 202 201
 208 208 206 208 205 169 134 135 136 135 161 206 203 202 203 201
 205 208 206 205 203 203 193 196 197 198 203 205 200 200 203 202
 204 204 205 205 203 202 203 204 205 207 204 203 200 200 199 201
 202 200 202 199 199 199 199 200 201 200 199 197 197 197 194 196
 193 192 192 192 192 191 189 188 190 189 191 189 188 188 187 185
 192 192 191 192 191 191 190 189 190 190 191 190 189 189 188 186
 193 192 192 191 191 190 190 181 171 191 190 190 190 189 188 186
 192 191 191 191 191 190 189 133 120 186 190 189 189 188 188 185
 193 192 191 191 190 188 122 101 103 105 180 189 189 189 188 185
 192 192 191 191 190 177  78  79  80  82 149 189 188 188 188 185
 192 192 191 190 189 146 126 126 126 124 134 187 188 188 186 185
 191 190 191 190 189  96  74  75  74  74  80 184 188 189 186 185
 191 191 190 191 190  89  76  74  75  74  76 181 189 187 187 185
 190 191 191 190 188  87  75  73  74  75  78 180 188 187 186 184
 191 191 191 189 188  91  75  75  75  75  79 182 186 186 185 184
 191 190 191 190 189 120  98  98 100 100 110 186 186 185 184 184
 190 191 191 190 189 148 108 108 108 105 135 187 186 185 184 183
 189 190 191 190 189 185 171 173 172 175 180 187 185 185 185 184
 190 190 189 188 187 187 187 187 186 186 186 185 185 184 184 183
 187 185 186 185 184 184 184 184 184 184 184 183 182 181 180 180
 184 183 186 185 183 185 184 183 184 185 185 184 183 183 181 179
 184 187 186 187 184 185 185 184 185 186 185 186 185 185 183 181
 186 188 187 187 184 186 185 174 167 185 184 184 185 185 184 182
 184 186 184 185 186 183 183 124 112 180 185 185 186 184 183 181
 183 186 186 185 184 182 116  91  94  98 174 186 185 184 183 182
 184 186 187 184 185 169  66  66  68  68 140 184 184 184 183 181
 183 186 185 184 185 139 118 116 117 114 126 182 184 183 183 182
 183 186 186 185 183  87  57  57  58  55  67 177 183 184 182 181
 184 186 186 184 183  78  56  56  54  53  61 174 184 184 182 181
 183 185 185 184 181  77  57  57  55  55  64 173 182 183 180 179
 183 185 185 184 182  81  56  56  57  56  63 174 183 182 182 180
 182 185 184 184 182 108  85  84  87  86  96 179 182 185 181 180
 182 185 183 185 183 141 100  96  97  96 126 181 181 183 182 180
 182 184 185 184 184 178 161 163 163 167 173 182 181 180 180 180
 183 183 185 184 182 181 181 181 183 181 181 180 181 180 181 179
 180 180 181 180 180 181 179 180 182 179 179 177 179 176 179 176

 204 204 203 203 202 201 201 202 201 201 200 201 201 202 201 196
 208 208 210 208 206 203 205 205 204 205 203 202 203 203 199 194
 209 208 207 208 208 207 207 207 207 206 205 205 202 200 200 197
 211 209 209 209 209 209 208 208 208 206 206 206 203 200 200 197
 211 210 210 209 209 209 206 205 202 202 204 207 206 205 203 197
 211 210 210 208 202 174 158 117 114 116 117 142 161 203 204 199
 210 209 209 206 133 116 150 113 113 114 116 134 135 198 207 200
 207 208 192 145 133 117 152 113 113 113 114 134 136 197 205 201
 206 209 199 156 130 114 150 112 112 111 111 131 135 196 204 200
 209 209 207 203 144 109 149 112 112 113 113 128 134 193 203 199
 211 208 208 205 203 193 163 124 118 118 123 144 169 203 202 199
 209 208 210 209 209 209 208 206 205 205 203 203 205 203 203 199
 211 212 211 210 207 208 209 209 209 207 205 206 208 205 205 199
 210 210 210 209 209 208 206 206 207 206 207 206 206 206 205 202
 209 210 208 209 211 210 207 207 205 206 207 208 208 208 204 200
 210 209 208 209 210 209 208 206 208 206 209 205 208 205 204 202
 185 186 186 185 185 185 185 185 185 184 184 184 183 184 183 180
 187 188 188 188 188 188 186 186 187 186 185 184 184 185 184 180
 188 189 189 188 189 188 188 189 187 187 186 185 185 185 184 181
 188 189 190 189 189 188 188 188 189 188 186 186 186 185 185 182
 189 190 190 189 189 189 187 184 181 180 182 186 187 187 185 183
 191 191 190 190 180 149 134  80  76  78  79 110 135 180 186 184
 189 190 191 186 105  82 124  74  74  75  75 100 105 175 186 184
 190 190 171 120 103  80 126  74  75  74  75 100 108 172 186 184
 188 189 181 133 101  79 126  75  74  73  75  98 108 173 187 184
 189 190 190 189 122  78 126  74  76  75  75  98 108 171 187 184
 191 191 190 190 188 177 146  96  89  87  91 120 148 185 187 184
 192 191 191 191 190 190 189 189 190 188 188 189 189 189 187 184
 192 192 191 191 191 191 190 190 191 190 189 190 190 190 188 185
 192 191 192 191 191 191 191 191 190 191 191 191 191 191 189 186
 192 192 192 191 192 192 192 190 191 191 191 190 191 190 190 185
 193 192 193 192 193 192 192 191 191 190 191 191 190 189 190 187
 179 181 182 181 182 181 182 181 181 179 180 180 180 180 179 176
 181 183 184 183 183 183 183 182 182 180 182 181 182 180 181 179
 183 185 185 184 184 184 183 184 184 183 182 185 183 180 180 176
 183 185 185 186 185 184 184 183 184 182 183 182 181 181 181 179
 184 186 184 185 186 184 182 177 174 173 174 179 181 182 180 177
 185 185 184 185 174 140 126  67  61  64  63  96 126 173 181 179
 185 186 185 180  98  68 114  55  53  55  56  86  96 167 181 179
 184 185 167 112  94  68 117  58  54  55  57  87  97 163 183 182
 183 184 174 124  91  66 116  57  56  57  56  84  96 163 181 180
 184 185 185 183 116  66 118  57  56  57  56  85 100 161 181 179
 185 185 186 183 182 169 139  87  78  77  81 108 141 178 181 181
 183 184 184 186 184 185 185 183 183 181 182 182 183 184 182 180
 185 187 187 185 185 184 184 185 184 184 184 184 185 184 184 180
 186 186 187 184 186 187 185 186 186 185 185 184 183 185 185 181
 183 187 188 186 186 186 186 186 186 185 185 185 185 184 183 180
 184 184 186 184 183 184 183 183 184 183 183 182 182 182 183 180

 196 194 197 197 197 199 200 201 200 199 199 199 199 202 200 202
 201 199 200 200 203 204 207 205 204 203 202 203 205 205 204 204
 202 203 200 200 205 203 198 197 196 193 203 203 205 206 208 205
 201 203 202 203 206 161 135 136 135 134 169 205 208 206 208 208
 201 202 205 206 207 142 134 134 131 128 144 203 206 206 208 205
 200 203 205 206 204 117 116 114 111 113 123 203 205 207 207 209
 201 205 206 206 202 116 114 113 111 113 118 205 207 206 206 206
 201 204 207 208 202 114 113 113 112 112 118 205 209 207 205 208
 202 205 207 208 205 117 113 113 112 112 124 206 209 206 207 206
 201 205 207 208 206 158 150 152 150 149 163 208 209 206 207 208
 201 203 207 209 209 174 116 117 114 109 193 209 208 208 210 209
 202 206 208 209 209 202 133 133 130 144 203 209 207 209 211 210
 203 208 208 209 209 208 206 145 156 203 205 209 210 209 209 209
 203 210 207 209 210 210 209 192 199 207 208 210 211 210 208 208
 204 208 208 209 210 210 209 208 209 209 208 208 212 210 210 209
 204 208 209 211 211 211 210 207 206 209 211 209 211 210 209 210
 180 180 181 182 183 184 184 184 184 184 184 184 185 186 185 187
 183 184 184 185 185 186 186 186 187 187 187 187 188 189 190 190
 184 185 185 185 187 180 175 172 173 171 185 189 190 191 190 189
 183 184 185 186 187 135 105 108 108 108 148 189 190 191 191 190
 184 184 185 186 186 110 100 100  98  98 120 189 190 191 190 191
 184 185 186 186 182  79  75  75  75  75  91 188 189 191 191 191
 184 186 187 188 180  78  75  74  73  75  87 188 190 191 191 190
 185 187 187 189 181  76  74  75  74  76  89 190 191 190 191 191
 185 186 189 188 184  80  74  74  75  74  96 189 190 191 190 191
 185 186 188 188 187 134 124 126 126 126 146 189 190 191 192 192
 185 188 188 188 189 149  82  80  79  78 177 190 191 191 192 192
 185 188 189 189 189 180 105 103 101 122 188 190 191 191 192 193
 185 188 188 189 189 190 186 120 133 189 190 191 191 191 191 192
 186 188 189 190 190 190 191 171 181 190 190 191 191 192 192 193
 186 188 189 189 190 191 190 190 189 190 191 191 192 191 192 192
 185 187 188 188 189 191 189 190 188 189 191 192 192 192 192 193
 176 179 176 179 177 179 179 182 180 179 181 180 180 181 180 180
 179 181 180 181 180 181 181 183 181 181 181 182 184 185 183 183
 180 180 180 181 182 173 167 163 163 161 178 184 184 185 184 182
 180 182 183 181 181 126  96  97  96 100 141 183 185 183 185 182
 180 181 185 182 179  96  86  87  84  85 108 182 184 184 185 182
 180 182 182 183 174  63  56  57  56  56  81 182 184 185 185 183
 179 180 183 182 173  64  55  55  57  57  77 181 184 185 185 183
 181 182 184 184 174  61  53  54  56  56  78 183 184 186 186 184
 181 182 184 183 177  67  55  58  57  57  87 183 185 186 186 183
 182 183 183 184 182 126 114 117 116 118 139 185 184 185 186 183
 181 183 184 184 184 140  68  68  66  66 169 185 184 187 186 184
 182 183 184 185 186 174  98  94  91 116 182 184 185 186 186 183
 181 183 184 186 185 185 180 112 124 183 183 186 185 184 186 184
 182 184 185 185 184 184 185 167 174 185 186 184 187 187 188 186
 181 183 185 185 186 185 186 185 184 185 185 184 187 186 187 184
 179 181 183 183 184 185 185 184 183 184 185 183 185 186 183 184

 202 204 205 208 205 209 206 208 206 208 209 210 209 208 209 210
 200 204 208 208 208 207 206 205 207 207 210 211 209 208 210 209
 202 205 206 206 206 207 206 207 206 206 208 209 209 210 210 210
 199 205 205 208 206 205 207 209 209 209 208 207 210 211 212 211
 199 203 203 205 203 203 205 205 206 208 209 209 209 210 208 209
 199 202 203 169 144 123 118 118 124 163 193 203 205 208 208 211
 199 203 193 134 128 113 113 112 112 149 109 144 203 207 209 209
 200 204 196 135 131 111 111 112 112 150 114 130 156 199 209 206
 201 205 197 136 134 114 113 113 113 152 117 133 145 192 208 207
 200 207 198 135 134 116 114 113 113 150 116 133 206 209 209 210
 199 204 203 161 142 117 116 114 117 158 174 202 208 210 210 211
 197 203 205 206 207 204 202 202 205 206 209 209 209 210 210 211
 197 200 200 203 206 206 206 208 208 208 209 209 209 209 209 211
 197 200 200 202 205 205 206 207 207 207 207 208 208 207 208 209
 194 199 203 203 202 203 205 204 205 205 203 206 208 210 208 208
 196 201 202 201 201 200 201 201 202 201 201 202 203 203 204 204
 187 190 189 190 191 191 190 191 191 192 192 193 192 193 192 193
 185 190 190 191 190 191 191 191 190 192 192 192 191 192 192 192
 186 189 191 191 191 191 191 190 191 191 191 191 191 192 191 192
 185 188 190 190 190 189 190 191 190 190 191 191 191 191 192 192
 184 187 189 189 189 188 188 190 189 189 190 190 191 191 191 192
 184 187 185 148 120  91  87  89  96 146 177 188 190 190 191 191
 184 187 171 108  98  75  75  76  74 126  78 122 189 190 190 189
 184 187 173 108  98  75  73  74  75 126  79 101 133 181 189 188
 184 186 172 108 100  75  74  75  74 126  80 103 120 171 190 190
 184 186 175 105 100  75  75  74  74 124  82 105 186 191 190 189
 184 186 180 135 110  79  78  76  80 134 149 180 190 190 191 191
 183 185 187 187 186 182 180 181 184 187 189 189 189 190 190 189
 182 185 185 186 186 186 188 189 188 188 188 189 189 190 189 188
 181 184 185 185 185 186 187 187 189 188 188 189 188 189 189 188
 180 184 185 184 184 185 186 187 186 186 188 188 188 188 188 187
 180 183 184 183 184 184 184 185 185 185 185 185 185 186 186 185
 180 183 182 182 182 183 183 184 183 183 184 183 184 186 184 184
 180 183 184 185 185 185 185 186 186 186 186 186 186 188 187 183
 181 185 185 183 184 185 185 186 186 185 187 186 184 187 186 186
 180 184 184 185 184 184 184 184 185 184 184 185 185 187 187 185
 180 182 184 183 182 182 181 183 183 185 185 184 186 184 184 183
 181 181 178 141 108  81  77  78  87 139 169 182 183 186 185 185
 179 181 161 100  85  56  57  56  57 118  66 116 183 185 185 184
 180 181 163  96  84  56  57  56  57 116  66  91 124 174 184 183
 182 183 163  97  87  57  55  54  58 117  68  94 112 167 185 184
 179 181 167  96  86  56  55  53  55 114  68  98 180 185 186 185
 179 181 173 126  96  63  64  61  67 126 140 174 185 184 185 185
 177 180 182 181 179 174 173 174 177 182 184 186 185 184 186 184
 179 181 181 181 182 183 182 184 183 184 184 185 186 185 185 183
 176 180 180 183 185 182 183 184 184 183 184 184 184 185 185 183
 179 181 180 182 181 182 180 182 182 183 183 183 183 184 183 181
 176 179 180 180 180 180 179 181 181 182 181 182 181 182 181 179

