 210 211 211 207 206 205 202 201 201 200 202 201 200 200 200 199
 209 208 208 206 199 177 175 176 174 173 168 193 199 199 200 196
 208 207 206 186 176 203 177 197 204 201 203 176 175 199 198 195
 209 206 190 188 206 204 170 152 197 203 202 203 187 173 197 195
 207 204 177 205 205 204 167 152 179 203 177 203 201 172 192 195
 205 181 202 205 206 205 148 150 174 202 167 202 201 198 167 195
 206 180 205 205 205 204 141 112 161 196 166 202 200 198 167 196
 208 176 204 204 205 206 199 141 131 148 192 200 200 198 171 196
 206 180 204 203 206 205 203 203 120 141 201 199 199 199 166 196
 206 181 204 204 205 205 206 202 135 188 202 202 200 197 167 194
 205 172 201 204 204 206 206 174 164 204 202 202 200 193 171 195
 205 201 172 203 204 203 196 144 200 202 203 200 200 164 197 194
 205 204 187 177 202 204 165 184 203 201 202 202 182 182 197 195
 204 203 201 184 171 198 174 203 202 201 195 173 179 200 195 194
 203 204 201 203 200 176 174 174 168 171 171 199 198 197 196 196
 197 200 200 199 199 199 200 200 201 200 199 199 194 193 194 193
 195 194 193 192 191 189 186 186 185 184 184 185 183 183 181 179
 195 193 192 191 185 162 158 157 156 155 152 177 184 183 181 180
 194 192 191 171 159 188 160 179 186 185 185 157 158 182 180 179
 192 191 175 169 190 190 152 134 178 186 185 184 169 155 181 180
 193 190 159 191 190 189 149 131 159 185 160 185 184 153 175 179
 192 164 187 191 191 190 128 127 157 185 148 185 184 183 149 180
 192 164 191 191 191 190 117  84 140 182 145 184 184 183 151 181
 193 160 190 191 190 190 181 113 103 129 172 184 184 183 155 180
 192 164 191 190 190 190 188 184  90 115 185 184 183 183 152 181
 193 165 190 190 190 190 187 184 111 168 184 184 183 182 151 180
 191 156 186 190 190 189 186 158 142 185 184 184 183 178 154 181
 192 186 156 188 188 188 180 123 182 185 184 184 182 149 178 180
 192 190 171 164 188 187 146 162 184 184 183 182 165 162 180 179
 190 189 188 167 159 184 157 185 184 183 180 157 158 180 180 179
 189 188 187 186 181 159 158 159 156 155 154 176 180 180 179 178
 186 186 186 185 185 184 182 181 180 182 181 180 179 179 178 178
 187 188 187 185 185 183 180 181 181 179 180 180 180 178 176 174
 188 188 187 185 181 158 153 151 150 150 147 173 181 179 178 176
 187 186 186 167 154 182 155 174 181 181 181 153 155 179 177 174
 185 185 169 165 186 185 147 128 175 182 181 181 166 152 177 176
 186 183 155 186 186 185 143 126 155 182 157 181 181 149 172 176
 186 158 180 186 186 185 122 119 152 181 143 181 181 179 146 175
 187 157 186 186 186 185 112  72 135 179 141 181 181 180 146 175
 188 153 186 186 186 186 176 101  97 126 165 182 182 179 149 174
 187 158 186 186 186 187 185 178  83 104 182 181 180 179 146 175
 187 159 186 186 186 185 183 182 105 159 182 182 179 177 146 176
 186 150 183 185 186 185 183 155 136 182 182 181 181 174 148 177
 186 179 154 185 187 184 176 117 177 182 181 181 178 147 171 175
 186 185 164 160 183 183 144 152 182 181 180 179 163 156 176 175
 185 184 182 161 155 180 152 179 179 180 176 155 152 175 176 176
 184 184 183 182 176 154 153 156 153 153 149 170 177 176 175 175
 182 183 183 183 183 179 178 173 173 175 176 176 176 174 174 174

 199 196 195 195 195 195 196 196 196 194 195 194 195 194 196 193
 200 200 198 197 192 167 167 171 166 167 171 197 197 195 196 194
 200 199 199 173 172 198 198 198 199 197 193 164 182 200 197 193
 200 199 175 187 201 201 200 200 199 200 200 200 182 179 198 194
 201 193 176 203 203 202 202 200 199 202 202 200 202 173 199 199
 202 168 203 202 177 167 166 192 201 202 202 203 202 195 171 199
 200 173 201 203 203 202 196 148 141 188 204 202 201 201 171 200
 201 174 204 197 179 174 161 131 120 135 164 200 203 202 168 201
 201 176 197 152 152 150 112 141 203 202 174 144 184 203 174 200
 202 175 177 170 167 148 141 199 203 206 206 196 165 174 174 200
 205 177 203 204 204 205 204 206 205 205 206 203 204 198 176 199
 206 199 176 206 205 206 205 205 206 205 204 204 202 171 200 199
 207 206 186 188 205 205 205 204 203 204 204 203 177 184 203 199
 211 208 206 190 177 202 205 204 204 204 201 172 187 201 201 200
 211 208 207 206 204 181 180 176 180 181 172 201 204 203 204 200
 210 209 208 209 207 205 206 208 206 206 205 205 205 204 203 197
 179 180 179 180 179 180 181 180 181 180 181 180 179 179 178 178
 181 181 180 181 175 149 151 155 152 151 154 178 180 180 179 178
 183 183 182 155 153 183 183 183 183 182 178 149 162 180 180 179
 183 184 158 169 184 184 184 184 183 183 183 182 165 158 180 179
 185 177 157 184 185 185 184 184 184 184 184 184 182 157 176 180
 184 152 185 185 160 148 145 172 185 184 184 184 183 180 154 181
 184 155 185 186 185 185 182 129 115 168 185 185 184 183 155 182
 185 156 186 178 159 157 140 103  90 111 142 182 184 184 156 180
 186 157 179 134 131 127  84 113 184 184 158 123 162 185 159 181
 186 158 160 152 149 128 117 181 188 187 186 180 146 157 158 182
 189 162 188 190 189 190 190 190 190 190 189 188 187 184 159 184
 191 185 159 190 190 191 191 190 190 190 190 188 188 159 181 185
 192 191 171 169 191 191 191 191 190 190 190 188 164 167 186 185
 193 192 191 175 159 187 191 190 191 190 186 156 171 188 187 186
 194 193 192 191 190 164 164 160 164 165 156 186 190 189 188 186
 195 195 194 192 193 192 192 193 192 193 191 192 192 190 189 186
 174 176 174 176 176 175 175 174 175 176 177 175 175 176 175 174
 176 178 177 177 172 146 146 149 146 146 148 171 176 176 175 174
 178 179 179 152 149 179 180 179 179 177 174 147 156 175 176 174
 180 181 155 166 181 181 181 182 180 179 181 178 163 152 177 176
 180 173 153 181 181 181 181 182 181 182 181 181 179 155 170 176
 180 147 181 181 157 143 141 165 182 182 182 181 180 176 149 176
 179 150 181 182 182 181 179 126 104 159 182 182 181 180 153 175
 181 150 181 175 155 152 135  97  83 105 136 177 182 179 153 173
 181 151 174 128 126 119  72 101 178 182 155 117 152 179 156 173
 180 153 155 147 143 122 112 176 185 183 183 176 144 152 153 178
 183 158 182 185 185 185 185 186 187 185 185 184 183 180 154 179
 185 181 154 186 186 186 186 186 186 186 186 187 183 155 176 183
 185 185 167 165 186 186 186 186 186 186 185 185 160 161 182 183
 187 187 186 169 155 180 186 186 186 186 183 154 164 182 183 183
 188 188 186 185 183 158 157 153 158 159 150 179 185 184 184 183
 187 188 187 185 186 186 187 188 187 187 186 186 186 185 184 182

 193 194 193 194 199 199 200 201 200 200 199 199 199 200 200 197
 196 196 197 198 199 171 171 168 174 174 176 200 203 201 204 203
 194 195 200 179 173 195 201 202 203 174 198 171 184 201 203 204
 195 197 182 182 202 202 201 203 184 165 204 202 177 187 204 205
 194 197 164 200 200 203 202 200 144 196 203 204 203 172 201 205
 195 171 193 200 202 202 204 164 174 206 206 204 204 201 172 205
 194 167 197 200 202 202 188 135 202 206 205 205 204 204 181 206
 196 166 199 199 199 201 141 120 203 203 205 206 203 204 180 206
 196 171 198 200 200 192 148 131 141 199 206 205 204 204 176 208
 196 167 198 200 202 166 196 161 112 141 204 205 205 205 180 206
 195 167 198 201 202 167 202 174 150 148 205 206 205 202 181 205
 195 192 172 201 203 177 203 179 152 167 204 205 205 177 204 207
 195 197 173 187 203 202 203 197 152 170 204 206 188 190 206 209
 195 198 199 175 176 203 201 204 197 177 203 176 186 206 207 208
 196 200 199 199 193 168 173 174 176 175 177 199 206 208 208 209
 199 200 200 200 201 202 200 201 201 202 205 206 207 211 211 210
 178 178 179 179 180 181 182 180 181 182 184 185 185 186 186 186
 178 179 180 180 176 154 155 156 159 158 159 181 186 187 188 189
 179 180 180 158 157 180 183 184 185 157 184 159 167 188 189 190
 179 180 162 165 182 183 184 184 162 146 187 188 164 171 190 192
 180 178 149 182 184 184 185 182 123 180 188 188 188 156 186 192
 181 154 178 183 184 184 185 142 158 186 189 190 190 186 156 191
 180 151 182 183 184 184 168 111 184 187 190 190 190 190 165 193
 181 152 183 183 184 185 115  90 184 188 190 190 190 191 164 192
 180 155 183 184 184 172 129 103 113 181 190 190 191 190 160 193
 181 151 183 184 184 145 182 140  84 117 190 191 191 191 164 192
 180 149 183 184 185 148 185 157 127 128 190 191 191 187 164 192
 179 175 153 184 185 160 185 159 131 149 189 190 191 159 190 193
 180 181 155 169 184 185 186 178 134 152 190 190 169 175 191 192
 179 180 182 158 157 185 185 186 179 160 188 159 171 191 192 194
 180 181 183 184 177 152 155 156 157 158 162 185 191 192 193 195
 179 181 183 183 185 184 184 185 186 186 189 191 192 193 194 195
 174 174 174 176 176 176 175 173 173 178 179 183 183 183 183 182
 175 175 176 177 170 149 153 153 156 153 154 176 182 183 184 184
 176 176 175 152 155 176 180 179 179 152 180 155 161 182 184 185
 175 176 156 163 179 180 181 182 152 144 183 183 160 164 185 186
 175 171 147 178 181 181 182 177 117 176 184 187 185 154 179 186
 177 148 174 181 181 182 182 136 155 183 185 186 185 183 150 186
 176 146 177 179 182 182 159 105 182 183 185 186 186 186 159 187
 175 146 179 180 181 182 104  83 178 185 187 186 186 186 158 187
 174 149 179 182 182 165 126  97 101 176 186 186 186 186 153 188
 175 146 180 181 181 141 179 135  72 112 185 186 186 186 157 187
 175 146 179 181 181 143 181 152 119 122 185 186 186 180 158 186
 176 172 149 181 181 157 182 155 126 143 185 186 186 155 183 186
 176 177 152 166 181 181 182 175 128 147 185 186 165 169 185 185
 174 177 179 155 153 181 181 181 174 155 182 154 167 186 186 187
 176 178 179 181 173 147 150 150 151 153 158 181 185 187 188 188
 174 176 178 180 180 180 179 181 181 180 183 185 185 187 188 187

 197 203 204 205 205 205 206 206 208 206 205 207 209 208 209 210
 200 204 203 204 201 172 181 180 176 180 181 204 206 207 208 211
 200 201 201 187 172 201 204 204 204 205 202 177 190 206 208 211
 199 203 184 177 203 204 204 203 204 205 205 205 188 186 206 207
 199 200 171 202 204 204 205 206 205 205 206 205 206 176 199 206
 199 176 198 204 203 206 205 205 206 204 205 204 204 203 177 205
 200 174 174 165 196 206 206 203 199 141 148 167 170 177 175 202
 200 174 203 184 144 174 202 203 141 112 150 152 152 197 176 201
 201 168 202 203 200 164 135 120 131 161 174 179 197 204 174 201
 200 171 201 201 202 204 188 141 148 196 202 203 203 201 173 200
 199 171 195 202 203 202 202 201 192 166 167 177 202 203 168 202
 199 199 173 202 200 202 202 199 200 202 202 203 203 176 193 201
 194 198 179 182 200 200 200 199 200 200 201 201 187 175 199 200
 193 197 200 182 164 193 197 199 198 198 198 172 173 199 199 200
 194 196 195 197 197 171 167 166 171 167 167 192 197 198 200 200
 193 196 194 195 194 195 194 196 196 196 195 195 195 195 196 199
 186 189 190 192 192 191 193 192 193 192 192 193 192 194 195 195
 186 188 189 190 186 156 165 164 160 164 164 190 191 192 193 194
 186 187 188 171 156 186 190 191 190 191 187 159 175 191 192 193
 185 186 167 164 188 190 190 190 191 191 191 191 169 171 191 192
 185 181 159 188 188 190 190 190 190 191 191 190 190 159 185 191
 184 159 184 187 188 189 190 190 190 190 190 189 190 188 162 189
 182 158 157 146 180 186 187 188 181 117 128 149 152 160 158 186
 181 159 185 162 123 158 184 184 113  84 127 131 134 179 157 186
 180 156 184 184 182 142 111  90 103 140 157 159 178 186 156 185
 182 155 183 184 185 185 168 115 129 182 185 185 186 185 155 184
 181 154 180 183 184 184 184 185 172 145 148 160 185 185 152 184
 180 176 157 182 184 184 184 184 184 184 185 185 184 157 177 185
 179 180 158 165 182 183 183 183 184 184 184 184 169 158 184 183
 179 180 180 162 149 178 182 183 183 183 183 153 155 182 183 183
 178 179 180 180 178 154 151 152 155 151 149 175 181 180 181 181
 178 178 179 179 180 181 180 181 180 181 180 179 180 179 180 179
 182 184 185 186 186 186 187 187 188 187 186 186 185 187 188 187
 183 184 184 185 179 150 159 158 153 157 158 183 185 186 188 188
 183 183 182 164 154 183 186 186 186 186 180 155 169 186 187 187
 183 182 161 160 185 185 186 186 186 186 186 186 165 167 185 185
 183 176 155 183 187 186 186 186 186 186 186 186 186 154 181 185
 179 154 180 183 184 185 185 187 186 185 185 185 185 182 158 183
 178 153 152 144 176 183 183 185 176 112 122 143 147 155 153 180
 173 156 179 152 117 155 182 178 101  72 119 126 128 174 151 181
 173 153 179 182 177 136 105  83  97 135 152 155 175 181 150 181
 175 153 180 181 182 182 159 104 126 179 181 182 182 181 150 179
 176 149 176 180 181 182 182 182 165 141 143 157 181 181 147 180
 176 170 155 179 181 181 182 181 182 181 181 181 181 153 173 180
 176 177 152 163 178 181 179 180 182 181 181 181 166 155 181 180
 174 176 175 156 147 174 177 179 179 180 179 149 152 179 179 178
 174 175 176 176 171 148 146 146 149 146 146 172 177 177 178 176
 174 175 176 175 175 177 176 175 174 175 175 176 176 174 176 174

