 184 184 184 184 183 181 181 181 181 179 176 177 174 171 166 162
 184 184 185 184 183 156 154 157 156 148 150 171 174 171 168 162
 183 184 184 169 154 177 155 179 179 178 175 140 155 172 166 163
 184 182 170 155 181 181 151 129 172 178 175 174 158 150 166 163
 182 181 149 180 182 179 149 123 144 176 156 174 171 144 160 163
 181 156 174 181 180 178 135 121 145 175 138 174 171 169 136 164
 179 154 179 180 180 178 125  90 132 172 133 172 171 169 142 164
 178 156 180 180 178 176 170 117  96 125 161 172 170 168 137 163
 177 152 178 179 178 175 174 174  97 111 173 171 171 167 136 164
 176 148 177 177 176 175 174 173 113 160 172 172 170 168 139 163
 176 153 171 175 174 173 173 150 132 173 172 171 169 167 136 162
 175 176 143 173 173 173 171 113 172 172 170 170 167 140 160 161
 173 174 162 147 171 171 145 152 173 171 170 168 148 149 165 161
 172 172 172 161 144 164 151 172 170 170 165 139 150 166 165 160
 172 171 172 172 171 147 145 146 143 144 141 163 165 166 164 160
 170 169 169 170 170 169 168 166 167 165 165 164 164 165 161 159
 181 180 180 178 177 176 175 175 173 173 170 170 167 162 159 156
 181 180 180 179 177 148 146 147 146 138 141 164 167 164 161 157
 180 180 179 164 145 170 147 170 173 172 169 128 144 164 160 158
 179 178 165 147 176 175 142 118 166 172 170 168 148 141 161 158
 179 177 142 177 176 174 139 109 135 171 148 169 166 135 153 158
 178 151 170 177 175 174 124 108 136 169 128 168 165 163 128 159
 177 147 176 177 175 174 114  69 119 167 123 167 165 163 134 159
 176 150 176 176 175 173 165 104  77 115 151 167 165 163 129 160
 176 147 176 175 174 172 171 168  79  92 168 166 165 162 128 159
 174 143 175 174 173 171 170 168 100 149 167 165 164 162 132 158
 174 148 169 172 171 170 170 143 119 168 166 164 163 162 128 158
 173 174 138 171 171 170 167 101 165 167 165 163 161 134 154 157
 172 173 159 143 169 169 138 138 168 166 165 162 142 141 159 157
 171 172 171 156 136 161 144 166 165 164 162 132 142 161 159 156
 171 171 170 170 167 140 137 138 137 136 133 157 160 160 159 156
 168 167 167 167 166 165 163 161 161 160 160 159 158 158 156 155
 175 175 175 174 175 173 173 173 172 171 170 167 166 163 159 156
 175 177 176 176 175 145 142 144 144 134 137 162 166 163 161 157
 175 175 176 161 141 165 146 168 172 170 167 126 142 163 160 156
 175 174 161 143 175 173 138 112 164 170 168 168 148 139 160 156
 174 173 137 174 173 173 133 104 133 168 146 168 165 133 151 157
 173 146 165 174 173 171 120 102 133 168 125 167 165 163 125 158
 171 141 173 172 173 171 109  56 113 166 119 167 165 163 131 157
 171 145 171 172 172 171 162  97  66 110 145 165 164 162 128 156
 169 142 171 173 171 170 168 167  71  82 166 165 164 162 126 156
 170 138 170 170 170 171 170 166  94 143 168 164 164 161 129 156
 171 144 165 170 170 169 168 141 112 168 166 163 161 161 125 158
 170 170 134 169 170 169 164  95 162 166 165 163 161 133 152 156
 168 169 155 140 169 169 137 131 167 165 164 162 140 137 158 157
 168 169 169 152 132 161 141 165 165 163 161 131 137 159 159 155
 168 168 168 168 166 137 135 137 135 134 131 155 160 160 159 156
 167 166 166 166 164 163 164 161 160 160 160 160 158 158 157 155

 162 162 163 163 163 164 164 163 164 163 162 161 161 160 160 159
 166 168 166 166 160 136 142 137 136 139 136 160 165 165 164 161
 171 171 172 150 144 169 169 168 167 168 167 140 149 166 166 165
 174 174 155 158 171 171 171 170 171 170 169 167 148 150 165 164
 177 171 140 174 174 174 172 172 171 172 171 170 168 139 163 164
 176 150 175 175 156 138 133 161 173 172 172 170 170 165 141 165
 179 148 178 178 176 175 172 125 111 160 173 172 171 170 144 165
 181 156 179 172 144 145 132  96  97 113 132 172 173 170 143 167
 181 157 179 129 123 121  90 117 174 173 150 113 152 172 146 166
 181 154 155 151 149 135 125 170 174 174 173 171 145 151 145 168
 181 156 177 181 179 178 178 176 175 175 173 173 171 164 147 169
 183 183 154 181 182 180 180 178 178 176 174 173 171 144 171 170
 184 184 169 155 180 181 180 180 179 177 175 173 147 161 172 170
 184 185 184 170 149 174 179 180 178 177 171 143 162 172 172 169
 184 184 184 182 181 156 154 156 152 148 153 176 174 172 171 169
 184 184 183 184 182 181 179 178 177 176 176 175 173 172 172 170
 156 157 158 158 158 159 159 160 159 158 158 157 157 156 156 155
 159 161 160 161 153 128 134 129 128 132 128 154 159 159 159 156
 162 164 164 141 135 163 163 163 162 162 162 134 141 161 160 158
 167 167 144 148 166 165 165 165 165 164 163 161 142 142 160 158
 170 164 128 168 169 168 167 167 166 165 164 163 162 132 157 159
 170 141 169 170 148 128 123 151 168 167 166 165 165 162 133 160
 173 138 172 172 171 169 167 115  92 149 168 167 166 164 136 160
 173 146 173 166 135 136 119  77  79 100 119 165 168 165 137 161
 175 147 170 118 109 108  69 104 168 168 143 101 138 166 138 161
 175 146 147 142 139 124 114 165 171 170 170 167 138 144 137 163
 176 148 170 175 174 174 174 173 172 171 170 170 169 161 140 165
 177 177 145 176 176 175 175 175 174 173 171 171 169 136 167 166
 178 179 164 147 177 177 177 176 175 174 172 171 143 156 170 167
 180 180 179 165 142 170 176 176 176 175 169 138 159 171 170 167
 180 180 180 178 177 151 147 150 147 143 148 174 173 172 171 167
 181 181 180 179 179 178 177 176 176 174 174 173 172 171 171 168
 156 157 156 156 157 158 157 156 156 156 158 156 157 155 156 155
 159 161 160 160 151 125 131 128 126 129 125 152 158 159 159 157
 163 163 163 139 133 163 163 162 162 161 161 133 137 159 160 158
 166 166 142 148 165 165 165 164 164 164 161 161 140 137 160 158
 167 162 126 168 168 167 167 165 165 164 163 163 162 131 155 160
 170 137 167 168 146 125 119 145 166 168 166 165 164 161 131 160
 171 134 170 170 168 168 166 110  82 143 168 166 165 163 134 160
 172 144 172 164 133 133 113  66  71  94 112 162 167 165 135 160
 173 144 168 112 104 102  56  97 167 166 141  95 131 165 137 161
 173 142 146 138 133 120 109 162 168 170 168 164 137 141 135 164
 173 145 165 173 173 171 171 171 170 171 169 169 169 161 137 163
 175 175 141 175 173 173 173 172 171 170 170 170 169 132 166 164
 174 176 161 143 174 174 172 172 173 170 170 169 140 152 168 166
 175 176 176 161 137 165 173 171 171 170 165 134 155 169 168 166
 175 177 175 174 173 146 141 145 142 138 144 170 169 169 168 166
 175 175 175 175 174 173 171 171 169 170 171 170 168 168 168 167

 159 161 165 164 164 165 165 167 166 168 169 170 170 169 169 170
 160 164 166 165 163 141 144 143 146 145 147 171 172 172 171 172
 160 165 166 150 139 165 170 170 172 151 164 144 161 172 172 172
 161 165 149 148 168 170 171 173 152 145 171 171 147 162 174 173
 161 160 140 167 170 170 172 172 113 171 173 173 173 143 176 175
 162 136 167 169 171 172 173 132 150 173 173 174 175 171 153 176
 163 139 168 170 172 172 160 113 173 174 175 176 177 177 148 176
 164 136 167 171 171 173 111  97 174 174 175 178 179 178 152 177
 163 137 168 170 172 161 125  96 117 170 176 178 180 180 156 178
 164 142 169 171 172 133 172 132  90 125 178 180 180 179 154 179
 164 136 169 171 174 138 175 145 121 135 178 180 181 174 156 181
 163 160 144 171 174 156 176 144 123 149 179 182 180 149 181 182
 163 166 150 158 174 175 178 172 129 151 181 181 155 170 182 184
 163 166 172 155 140 175 178 179 179 155 177 154 169 184 184 183
 162 168 171 174 171 150 148 156 157 154 156 183 184 185 184 184
 162 166 171 174 177 176 179 181 181 181 181 183 184 184 184 184
 155 156 158 158 159 160 160 161 161 163 165 166 167 167 167 168
 156 159 160 160 157 133 136 137 138 137 140 167 170 170 171 171
 156 159 161 142 132 162 164 165 166 144 161 136 156 171 172 171
 157 159 141 142 162 165 166 168 138 138 169 169 143 159 173 172
 157 154 134 161 163 165 167 165 101 167 170 171 171 138 174 173
 158 128 162 163 164 166 168 119 143 170 170 171 172 169 148 174
 158 132 162 164 165 167 149 100 168 170 171 173 174 175 143 174
 159 128 162 165 166 168  92  79 168 171 172 174 175 176 147 176
 160 129 163 165 167 151 115  77 104 165 173 175 176 176 150 176
 159 134 163 165 167 123 167 119  69 114 174 175 177 176 147 177
 159 128 163 165 168 128 169 136 108 124 174 175 177 170 151 178
 158 153 135 166 169 148 171 135 109 139 174 176 177 142 177 179
 158 161 141 148 168 170 172 166 118 142 175 176 147 165 178 179
 158 160 164 144 128 169 172 173 170 147 170 145 164 179 180 180
 157 161 164 167 164 141 138 146 147 146 148 177 179 180 180 181
 156 159 162 167 170 170 173 173 175 175 176 177 178 180 180 181
 155 157 158 158 160 160 160 160 161 164 163 164 166 166 166 167
 156 159 160 160 155 131 134 135 137 135 137 166 168 168 168 168
 155 159 159 137 131 161 163 165 165 141 161 132 152 169 169 168
 157 158 137 140 162 164 165 167 131 137 169 169 140 155 169 168
 156 152 133 161 163 165 166 162  95 164 169 170 169 134 170 170
 158 125 161 161 163 166 168 112 141 168 169 170 170 165 144 171
 156 129 161 164 164 168 143  94 166 170 171 170 170 170 138 170
 156 126 162 164 165 166  82  71 167 168 170 171 173 171 142 169
 156 128 162 164 165 145 110  66  97 162 171 172 172 171 145 171
 157 131 163 165 167 119 166 113  56 109 171 173 172 173 141 171
 158 125 163 165 167 125 168 133 102 120 171 173 174 165 146 173
 157 151 133 165 168 146 168 133 104 133 173 173 174 137 173 174
 156 160 139 148 168 168 170 164 112 138 173 175 143 161 174 175
 156 160 163 142 126 167 170 172 168 146 165 141 161 176 175 175
 157 161 163 166 162 137 134 144 144 142 145 175 176 176 177 175
 156 159 163 166 167 170 171 172 173 173 173 175 174 175 175 175

 170 172 172 173 175 176 176 177 178 179 181 182 184 183 184 184
 169 171 172 174 176 153 148 152 156 154 156 181 182 184 184 184
 169 172 172 162 143 171 177 178 180 179 174 149 170 184 185 184
 170 172 161 147 173 175 177 179 180 180 181 180 155 169 184 184
 170 171 144 171 173 174 176 178 178 180 180 182 181 154 183 183
 169 147 164 171 173 173 175 175 176 178 178 179 181 177 156 181
 168 145 151 145 171 173 174 174 170 125 135 149 151 155 154 181
 166 146 172 152 113 150 173 174 117  90 121 123 129 179 157 181
 167 143 170 173 172 132 113  97  96 132 145 144 172 179 156 181
 165 144 170 171 172 173 160 111 125 172 175 176 178 178 148 179
 165 141 165 170 170 172 172 173 161 133 138 156 175 175 150 176
 164 163 139 168 170 171 172 171 172 172 174 174 174 140 171 177
 164 165 150 148 167 169 170 171 170 171 171 171 158 155 174 174
 165 166 166 149 140 167 168 167 168 169 169 144 150 172 171 171
 161 164 165 165 160 136 139 136 137 142 136 160 166 166 168 166
 159 160 160 161 161 162 163 164 163 164 164 163 163 163 162 162
 168 171 171 172 173 174 174 176 176 177 178 179 179 180 181 181
 167 171 172 173 174 148 143 147 150 147 151 177 178 180 180 180
 167 170 171 159 138 169 175 176 176 176 170 142 165 179 180 180
 167 170 156 143 171 172 174 175 176 177 177 177 147 164 179 178
 166 167 136 169 171 171 173 174 175 175 175 176 176 145 177 177
 165 140 161 169 170 170 171 172 173 174 174 174 175 170 148 176
 163 137 144 138 167 170 170 171 165 114 124 139 142 147 146 175
 161 138 166 138 101 143 168 168 104  69 108 109 118 170 147 175
 161 137 165 168 165 119 100  79  77 119 136 135 166 173 146 173
 160 136 164 166 167 168 149  92 115 167 169 171 172 172 138 173
 160 133 162 165 165 166 167 168 151 123 128 148 170 169 141 170
 159 157 132 162 163 164 165 166 167 167 168 169 168 128 164 170
 158 160 142 142 161 163 164 165 165 165 165 166 148 144 167 167
 158 160 161 141 134 162 162 162 163 163 163 135 141 164 164 162
 156 159 159 159 154 128 132 128 129 134 128 153 161 160 161 159
 155 156 156 157 157 158 158 159 160 159 159 158 158 158 157 156
 167 168 168 168 170 171 170 169 171 171 173 174 175 175 175 175
 166 168 169 169 170 144 138 142 145 141 146 173 174 175 177 175
 166 168 169 155 134 165 170 171 171 173 165 137 161 176 176 175
 166 168 152 140 169 170 170 173 172 172 174 174 143 161 176 174
 164 166 132 169 170 170 170 171 172 173 173 173 175 141 175 175
 163 137 161 169 169 169 171 170 171 171 171 173 173 165 145 173
 164 135 141 137 164 168 170 168 162 109 120 133 138 146 142 173
 161 137 165 131  95 141 166 167  97  56 102 104 112 168 144 173
 160 135 165 167 162 112  94  71  66 113 133 133 164 172 144 172
 160 134 163 165 166 168 143  82 110 166 168 168 170 170 134 171
 160 131 161 164 165 166 168 166 145 119 125 146 168 167 137 170
 160 155 131 162 163 163 164 165 165 167 167 168 168 126 162 167
 158 160 137 140 161 161 164 164 164 165 165 165 148 142 166 166
 158 160 159 137 133 161 161 162 162 163 163 133 139 163 163 163
 157 159 159 158 152 125 129 126 128 131 125 151 160 160 161 159
 155 156 155 157 156 158 156 156 156 157 158 157 156 156 157 156

